,Genetic Risk,Smoking,Actual_Level,Predicted_Cluster
521,7,3,2,2
737,7,1,2,2
740,7,1,2,2
660,6,7,3,3
411,3,3,2,1
678,5,6,2,2
626,7,1,2,2
513,3,3,2,1
859,7,1,2,2
136,7,1,2,2
811,2,1,1,1
76,3,2,2,2
636,7,1,2,2
973,2,3,2,2
938,2,1,1,1
899,7,7,3,3
280,3,7,1,1
883,7,7,3,3
761,6,7,3,3
319,7,7,3,3
549,6,7,3,3
174,2,3,2,2
371,7,4,1,3
527,2,1,2,1
210,5,2,3,3
235,6,6,1,1
101,2,1,2,1
986,7,7,3,3
902,3,2,1,2
947,1,4,1,1
346,2,1,1,1
139,7,4,3,3
621,3,2,2,2
499,2,2,1,1
370,6,4,1,1
198,7,7,3,3
687,5,2,3,3
584,3,3,2,1
901,6,7,3,3
59,1,4,1,1
328,7,7,3,3
96,7,7,3,3
312,2,2,1,1
974,7,1,2,2
299,7,3,2,2
277,2,2,1,1
924,3,2,1,2
601,2,1,2,1
439,7,7,3,3
837,2,6,1,1
570,6,8,2,3
879,5,2,3,3
261,6,6,1,1
578,7,7,3,3
23,7,7,3,3
30,6,6,3,1
617,2,3,1,2
10,7,7,3,3
221,7,8,3,3
820,4,3,1,1
296,7,1,2,2
54,2,2,1,1
542,7,7,3,3
209,7,7,3,3
604,3,3,1,1
692,2,1,2,1
662,7,7,3,3
866,7,4,3,3
70,2,3,2,2
543,5,2,3,3
107,7,7,3,3
493,3,3,1,1
590,7,1,2,2
741,2,1,2,1
292,2,3,2,2
289,7,3,2,2
652,7,7,3,3
39,6,6,1,1
589,2,1,1,1
307,2,3,2,2
679,2,1,2,1
66,3,2,2,2
275,2,2,1,1
67,7,3,2,2
318,7,7,3,3
548,7,7,3,3
998,7,8,3,3
714,2,2,1,1
753,7,7,3,3
327,6,7,3,3
382,3,3,1,1
451,2,1,1,1
522,3,3,2,1
218,7,7,3,3
787,7,7,3,3
436,7,8,3,3
764,7,7,3,3
88,7,7,3,3
63,2,3,2,2
826,3,3,1,1
716,2,1,1,1
351,7,7,3,3
936,2,2,1,1
256,2,1,1,1
635,2,3,2,2
644,7,4,3,3
554,7,8,3,3
959,7,1,2,2
168,7,3,2,2
917,3,3,2,1
528,3,2,2,2
823,7,7,3,3
985,7,7,3,3
816,6,6,1,1
86,7,1,2,2
432,5,2,3,3
184,3,2,2,2
978,7,8,3,3
534,3,3,2,1
294,2,1,2,1
892,6,7,3,3
425,5,2,3,3
713,2,2,1,1
260,7,4,1,3
237,6,8,2,3
559,6,7,3,3
583,7,4,3,3
445,7,7,3,3
867,5,2,3,3
800,7,7,3,3
599,3,6,1,1
849,2,1,2,1
265,4,3,1,1
995,7,7,3,3
529,2,3,2,2
55,2,2,1,1
120,4,2,2,2
215,7,7,3,3
25,7,1,2,2
72,2,1,2,1
44,3,6,1,1
247,7,1,2,2
721,2,2,1,1
281,1,4,1,1
893,5,2,3,3
914,2,1,2,1
810,3,3,1,1
244,7,8,3,3
822,4,1,1,1
321,5,2,3,3
643,7,7,3,3
158,2,2,1,1
977,2,1,1,1
429,7,7,3,3
941,2,2,1,1
462,7,7,3,3
309,7,7,3,3
697,5,7,3,3
60,2,6,1,1
884,7,7,3,3
595,2,1,1,1
767,5,2,3,3
649,7,7,3,3
650,6,7,3,3
865,7,7,3,3
668,7,1,2,2
298,3,2,2,2
689,7,7,3,3
314,5,2,3,3
310,7,7,3,3
361,7,4,3,3
479,2,3,2,2
110,7,8,3,3
989,6,7,3,3
486,1,1,1,1
363,6,6,3,1
254,7,3,2,2
259,6,4,1,1
802,7,1,2,2
677,7,7,3,3
494,2,1,1,1
670,6,7,3,3
377,3,6,1,1
526,7,1,2,2
845,5,2,3,3
137,2,1,2,1
355,7,8,3,3
365,7,3,2,2
942,2,2,1,1
749,2,1,2,1
948,2,6,1,1
829,1,4,1,1
656,7,1,2,2
199,7,7,3,3
213,5,2,3,3
408,2,1,2,1
332,7,8,3,3
208,7,7,3,3
613,3,7,1,1
78,3,3,2,1
